0  28  0  0  0  0  
0  41  0  0  0  0  
0  47  0  0  0  0  
0  91  0  0  0  0  
0  103  0  0  0  0  
Earth army:-
No of dead ES= 0
 No of dead ET= 0
 No of dead EG= 0
Precentage of dead ES relative to their total= 0%
Precentage of dead ET relative to their total= 0%
Precentage of dead EG relative to their total= 0%
Precentage of total earth destrcted unit relative to their total= 0%
Precentage of units healed successfully relative to all units= 0
1  2000  0  1  0  1  
1  2001  0  1  0  1  
1  2002  0  1  0  1  
1  2004  0  1  0  1  
2  2006  0  2  0  2  
2  2008  0  2  0  2  
2  2009  0  2  0  2  
2  2003  1  0  1  1  
2  2007  0  2  0  2  
2  2005  0  2  0  2  
3  2010  0  3  0  3  
3  2011  0  3  0  3  
3  2014  0  3  0  3  
3  2013  0  3  0  3  
3  2012  0  3  0  3  
4  2016  0  4  0  4  
4  2017  0  4  0  4  
4  2019  0  4  0  4  
4  2015  0  4  0  4  
5  2018  4  0  1  1  
5  2022  0  5  0  5  
5  2023  0  5  0  5  
5  2020  0  5  0  5  
5  2024  0  5  0  5  
6  2021  5  0  1  1  
6  2026  0  6  0  6  
6  2028  0  6  0  6  
6  2029  0  6  0  6  
6  2025  0  6  0  6  
6  2027  0  6  0  6  
7  2030  0  7  0  7  
7  2034  0  7  0  7  
7  2033  0  7  0  7  
7  2031  0  7  0  7  
7  2032  0  7  0  7  
8  2035  0  8  0  8  
8  2039  0  8  0  8  
8  2038  0  8  0  8  
8  2036  0  8  0  8  
8  2037  0  8  0  8  
9  2044  0  9  0  9  
9  2040  0  9  0  9  
9  2043  0  9  0  9  
9  2042  0  9  0  9  
10  2041  9  0  1  1  
13  2045  0  13  0  13  
13  2047  0  13  0  13  
13  2046  0  13  0  13  
13  2049  0  13  0  13  
13  2048  0  13  0  13  
14  2053  0  14  0  14  
14  2054  0  14  0  14  
14  2051  0  14  0  14  
14  2052  0  14  0  14  
15  2050  14  0  1  1  
15  2057  0  15  0  15  
15  2058  0  15  0  15  
15  2055  0  15  0  15  
15  2059  0  15  0  15  
15  2056  0  15  0  15  
16  2060  0  16  0  16  
16  2061  0  16  0  16  
16  2064  0  16  0  16  
16  2062  0  16  0  16  
17  2063  16  0  1  1  
18  2067  0  18  0  18  
18  2068  0  18  0  18  
18  2069  0  18  0  18  
18  2066  0  18  0  18  
18  2065  0  18  0  18  
20  2072  0  20  0  20  
20  2073  0  20  0  20  
20  2070  0  20  0  20  
20  2071  0  20  0  20  
20  2074  0  20  0  20  
22  2075  0  22  0  22  
22  2078  0  22  0  22  
22  2077  0  22  0  22  
22  2076  0  22  0  22  
22  2079  0  22  0  22  
23  2083  0  23  0  23  
23  2080  0  23  0  23  
23  2081  0  23  0  23  
23  2082  0  23  0  23  
24  2084  23  0  1  1  
24  2088  0  24  0  24  
25  2085  24  0  1  1  
25  2086  0  24  1  25  
25  2087  0  24  1  25  
25  2089  0  24  1  25  
26  2094  0  26  0  26  
26  2090  0  26  0  26  
26  2091  0  26  0  26  
26  2093  0  26  0  26  
26  2092  0  26  0  26  
27  2095  0  27  0  27  
27  2099  0  27  0  27  
27  2098  0  27  0  27  
27  2097  0  27  0  27  
28  2096  27  0  1  1  
28  2101  0  28  0  28  
28  2104  0  28  0  28  
28  2100  0  28  0  28  
28  2102  0  28  0  28  
28  2103  0  28  0  28  
30  2105  0  30  0  30  
30  2107  0  30  0  30  
30  2106  0  30  0  30  
31  2108  30  0  1  1  
31  2109  0  30  1  31  
31  2110  0  31  0  31  
31  2113  0  31  0  31  
31  2112  0  31  0  31  
32  2111  31  0  1  1  
32  2114  0  31  1  32  
32  2117  0  32  0  32  
32  2118  0  32  0  32  
32  2115  0  32  0  32  
32  2116  0  32  0  32  
32  2119  0  32  0  32  
35  2123  0  35  0  35  
35  2121  0  35  0  35  
35  2122  0  35  0  35  
35  2124  0  35  0  35  
36  2120  35  0  1  1  
36  2128  0  36  0  36  
36  2129  0  36  0  36  
36  2127  0  36  0  36  
36  2126  0  36  0  36  
36  2125  0  36  0  36  
37  2133  0  37  0  37  
37  2134  0  37  0  37  
37  2132  0  37  0  37  
37  2131  0  37  0  37  
37  2130  0  37  0  37  
38  2138  0  38  0  38  
38  2139  0  38  0  38  
38  2137  0  38  0  38  
38  2136  0  38  0  38  
38  2135  0  38  0  38  
40  2142  0  40  0  40  
40  2144  0  40  0  40  
40  2143  0  40  0  40  
41  2140  40  0  1  1  
41  2141  0  40  1  41  
41  2147  0  41  0  41  
41  2148  0  41  0  41  
41  2149  0  41  0  41  
41  2145  0  41  0  41  
41  2146  0  41  0  41  
Batle result: Drawn
Alien army:-
No of dead AS= 61
 No of dead AM= 49
 No of dead AD= 40
Precentage of dead AS relative to their total= 100%
Precentage of dead AM relative to their total= 100%
Precentage of dead AD relative to their total= 100%
Precentage of total alien destrcted unit relative to their total= 100%
Average Df= 18
 Average Dd= 0
 Average Db= 18
Df/Db%= 0%
Dd/Db%= 0%
